 1.32042253521127e+001    0.00000000000000e+000
 4.22535211267606e+001    0.00000000000000e+000
 6.60314627490973e+001    8.61056751467710e-004
 9.24347454590557e+001    4.30528375733855e-004
 1.21484041233704e+002    4.30528375733855e-004
 1.47892491937929e+002    4.30528375733855e-004
 1.74300942642154e+002    4.30528375733855e-004
 2.00714561340647e+002    8.61056751467710e-004
 2.32389198202916e+002    4.30528375733855e-004
 2.56130963865384e+002    2.58317025440313e-003
 2.82446390672804e+002    1.03326810176125e-002
 3.08539593726744e+002    3.65949119373777e-002
 3.34477756952675e+002    7.57729941291585e-002
 3.66090377883741e+002    8.22309197651663e-002
 3.90597006697721e+002    2.06653620352250e-002
 4.16803905625534e+002    3.74559686888454e-002
 4.43574115928447e+002    7.31898238747554e-003
 4.72566563766159e+002    1.20547945205479e-002
 4.96478873239437e+002    0.00000000000000e+000
 5.25466153082881e+002    5.16634050880626e-003
 5.51678220004961e+002    2.15264187866928e-002
 5.80665499848405e+002    2.66927592954990e-002
 6.07234158374907e+002    1.33463796477495e-002
 6.33441057302720e+002    3.01369863013699e-002
 6.59477412419724e+002    6.11350293542074e-002
 6.88371668366363e+002    7.40508806262231e-002
 7.14914486921529e+002    6.28571428571428e-002
 7.44294534329263e+002    3.53033268101761e-002
 7.70775336953226e+002    2.92759295499022e-002
 7.96666988230754e+002    7.23287671232877e-002
 8.22548303519749e+002    1.16242661448141e-001
 8.48543314682616e+002    1.50684931506849e-001
 8.74698533667760e+002    1.71780821917808e-001
 9.01008792480913e+002    1.79960861056751e-001
 9.27443083156473e+002    1.77808219178082e-001
 9.53970397728839e+002    1.67906066536204e-001
 9.85856922356054e+002    1.51545988258317e-001
 1.01247726082523e+003    1.33894324853229e-001
 1.03912343926573e+003    1.14090019569472e-001
 1.06575411372344e+003    9.55772994129158e-002
 1.09236928419834e+003    7.83561643835616e-002
 1.11896378269618e+003    6.28571428571428e-002
 1.14816811829883e+003    4.99412915851272e-002
 1.17471093685400e+003    3.87475538160470e-002
 1.20122791543783e+003    2.97064579256360e-002
 1.22507820897991e+003    2.28180039138943e-002
 1.25682519776191e+003    1.80821917808219e-002
 1.28329566439734e+003    1.29158512720157e-002
 1.30974545905570e+003    9.47162426614481e-003
 1.33618491772553e+003    6.88845401174168e-003
 1.36260887241256e+003    5.59686888454012e-003
 1.38903799509385e+003    3.87475538160470e-003
 1.42074880791599e+003    2.15264187866928e-003
 1.44452158154406e+003    1.72211350293542e-003
 1.47357604531297e+003    1.29158512720157e-003
