 1.65277777777778e+002    2.12307692307692e-001
 1.65972222222222e+002   -9.23076923076915e-003
 1.66250000000000e+002   -2.58461538461539e-001
 1.66805555555556e+002   -9.23076923076915e-003
 1.67361111111111e+002    2.58461538461538e-001
 1.67638888888889e+002   -9.23076923076915e-003
 1.68194444444444e+002   -3.04615384615385e-001
 1.68611111111111e+002   -9.23076923076915e-003
 1.69027777777778e+002    3.41538461538462e-001
 1.69444444444444e+002   -9.23076923076915e-003
 1.69861111111111e+002   -3.78461538461538e-001
 1.70138888888889e+002   -9.23076923076915e-003
 1.70555555555556e+002    4.15384615384615e-001
 1.70972222222222e+002   -9.23076923076915e-003
 1.71250000000000e+002   -4.61538461538461e-001
 1.71666666666667e+002   -9.23076923076915e-003
 1.71944444444444e+002    4.89230769230769e-001
 1.72361111111111e+002   -1.84615384615383e-002
 1.72500000000000e+002   -4.98461538461538e-001
 1.72916666666667e+002   -1.84615384615383e-002
 1.73055555555556e+002    4.80000000000000e-001
 1.73472222222222e+002   -1.84615384615383e-002
 1.73611111111111e+002   -4.15384615384615e-001
 1.73888888888889e+002   -1.84615384615383e-002
 1.74166666666667e+002    3.04615384615385e-001
 1.74305555555556e+002   -1.84615384615383e-002
 1.74583333333333e+002   -1.38461538461538e-001
 1.74722222222222e+002   -1.84615384615383e-002
 1.74861111111111e+002    1.01538461538461e-001
 1.75138888888889e+002   -1.84615384615383e-002
 1.75416666666667e+002   -3.13846153846154e-001
 1.75555555555556e+002   -1.84615384615383e-002
 1.75833333333333e+002    6.36923076923077e-001
 1.75972222222222e+002   -1.84615384615383e-002
 1.76388888888889e+002   -9.32307692307692e-001
 1.76527777777778e+002   -1.84615384615383e-002
 1.76805555555556e+002    1.04307692307692e+000
 1.77222222222222e+002   -1.84615384615383e-002
 1.77638888888889e+002   -1.01538461538462e+000
 1.77916666666667e+002   -2.76923076923077e-002
 1.78472222222222e+002    8.21538461538461e-001
 1.78888888888889e+002   -1.84615384615383e-002
 1.79444444444444e+002   -5.90769230769231e-001
 1.80000000000000e+002   -1.84615384615383e-002
 1.80555555555556e+002    3.69230769230769e-001
 1.81250000000000e+002   -2.76923076923077e-002
 1.81944444444444e+002   -2.30769230769231e-001
 1.82500000000000e+002   -3.69230769230768e-002
 1.83194444444444e+002    1.38461538461538e-001
 1.84027777777778e+002    1.84615384615383e-002
 1.84583333333333e+002   -7.38461538461539e-002
 1.85277777777778e+002   -2.76923076923077e-002
 1.86111111111111e+002    2.76923076923077e-002
 1.87222222222222e+002   -9.23076923076915e-003
 1.88333333333333e+002    1.84615384615383e-002
 1.89583333333333e+002   -4.61538461538462e-002
 1.90277777777778e+002    9.23076923076915e-003
 1.90972222222222e+002    5.53846153846154e-002
 1.91666666666667e+002   -9.23076923076915e-003
 1.92361111111111e+002   -8.30769230769230e-002
 1.93055555555556e+002    0.00000000000000e+000
 1.93750000000000e+002    9.23076923076922e-002
 1.94444444444444e+002    0.00000000000000e+000
 1.95138888888889e+002   -1.10769230769231e-001
 1.95833333333333e+002   -9.23076923076915e-003
 1.96388888888889e+002    1.20000000000000e-001
 1.97083333333333e+002   -9.23076923076915e-003
 1.97777777777778e+002   -1.38461538461538e-001
 1.98333333333333e+002   -9.23076923076915e-003
 1.99027777777778e+002    1.47692307692308e-001
 1.99583333333333e+002    0.00000000000000e+000
 2.00138888888889e+002   -1.75384615384615e-001
 2.00694444444444e+002    0.00000000000000e+000
 2.01250000000000e+002    1.84615384615384e-001
 2.01805555555556e+002    0.00000000000000e+000
 2.02361111111111e+002   -2.21538461538462e-001
 2.02916666666667e+002   -1.84615384615383e-002
 2.03472222222222e+002    2.40000000000000e-001
 2.04027777777778e+002   -9.23076923076915e-003
 2.04305555555556e+002   -2.67692307692308e-001
 2.04861111111111e+002   -9.23076923076915e-003
