-1.93514244979823e+003    5.81871783099340e-002
-1.85644899044121e+003    1.07039122344924e-001
-1.77782457254704e+003    1.53145977816978e-001
-1.69229600836783e+003    1.93761689582679e-001
-1.60709884321029e+003    2.21200976246285e-001
-1.52212261073388e+003    2.39855979508494e-001
-1.45153461911551e+003    2.46434526254742e-001
-1.36006848913115e+003    2.43127854432980e-001
-1.28293536683455e+003    2.29940796945606e-001
-1.19889809825291e+003    2.11262595751879e-001
-1.12911098760361e+003    1.85998115168064e-001
-1.04529465170308e+003    1.58535630572941e-001
-9.61505932387695e+002    1.29975110552642e-001
-8.77703404779741e+002    1.01963608244932e-001
-7.93831835708935e+002    7.66971945001571e-002
-7.09905033467849e+002    5.36268516057318e-002
-6.39938415015137e+002    3.54996012855520e-002
-5.55776871800360e+002    2.17625595051108e-002
-4.78547091455774e+002    1.24186260058478e-002
-3.94206040437585e+002    5.81881448904139e-003
-3.16838177167298e+002    1.96505811565135e-003
-2.32372851515978e+002    3.06406012130585e-004
-1.47879909279518e+002    2.54210666215596e-004
-7.04291962538102e+001    8.13860764081869e-004
 7.06294164960764e+000    2.73542275813740e-004
 9.86533462671009e+001    1.90802986733683e-003
 1.76849707091594e+002    3.09953362491845e-002
 2.54866560112675e+002    5.29454123673972e-002
 3.38641471135491e+002    2.38358746345118e-002
 4.15705551969235e+002    7.90372858420124e-003
 4.99977561524574e+002    1.44117149554165e-003
 5.77593974061122e+002    4.58739095763961e-003
 6.55210386597671e+002    1.06159534108209e-002
 7.39924261515253e+002    1.88396201338714e-002
 8.24624328140265e+002    2.65142691443346e-002
 9.02323590432234e+002    3.58369378730397e-002
 9.80036661016773e+002    4.57086243143320e-002
 1.06477815251950e+003    5.50303264625571e-002
 1.14243598993375e+003    6.27059420535002e-002
 1.22705320680335e+003    6.70864847884397e-002
 1.30455915299933e+003    6.87229055409226e-002
 1.38896924548037e+003    6.48681825870527e-002
 1.47325506332828e+003    5.60723002198971e-002
 1.55747183971334e+003    4.45313292898050e-002
 1.63459115371737e+003    3.07952540898437e-002
 1.71889077985784e+003    2.25483894352754e-002
 1.79664527532009e+003    3.40671290143296e-002
 1.88170435755193e+003    5.60162385520624e-002
 1.95974882715815e+003    7.90643500954498e-002
