 0.000020685
 0.000116511
 0.000140887
 0.000171012
-0.000127114
-0.000396308
-0.000414749
 0.000554644
 0.000080230
-0.000075634
 0.000376151
 0.000451172
-0.001834258
-0.000930534
 0.005957336
 0.002098498
 0.000455907
-0.004056047
-0.002631879
-0.000387481
 0.005009632
 0.000115214
-0.000012708
-0.005688010
 0.001386781
 0.004251099
-0.000465146
-0.000659347
-0.003808592
 0.001682323
 0.005652977
-0.003629188
-0.004342178
 0.004297213
 0.002127208
-0.003616179
-0.000964388
 0.002875894
 0.000542893
-0.001766776
-0.000488443
 0.000621497
 0.000357459
-0.000220084
-0.000015895
-0.000080682
-0.000313786
-0.000526886
 0.000084942
 0.000222353
 0.000245444
-0.000099224
-0.000258049
-0.000508285
-0.000335355
 0.000559458
 0.000594857
 0.000290003
-0.000525690
-0.000105160
-0.000121102
 0.000230144
 0.000026457
 0.000210675
 0.000005250
-0.000040105
-0.000124263
 0.000153230
 0.000107136
-0.000167637
 0.000207900
-0.000357554
 0.000354329
 0.000172925
 0.000147003
-0.000491039
-0.000704659
 0.000210405
 0.000042069
-0.000018469
-0.000503326
-0.000462699
 0.000540335
 0.000033687
-0.000255905
-0.000002705
 0.000598062
 0.000787980
-0.000590255
-0.000701858
-0.000120680
 0.000152189
 0.000529285
 0.000302234
-0.000381164
 0.000134613
 0.000169383
-0.000180657
 0.000252085
 0.000421215
 0.000869341
 0.000244258
-0.001034937
-0.002353719
-0.002832995
-0.002150616
-0.000685095
 0.000995354
 0.000206969
-0.000995384
-0.000263517
 0.002243049
 0.001401176
 0.000261951
 0.000537541
 0.000560525
-0.001715281
-0.001600807
-0.000469774
-0.000235776
 0.000682007
 0.001567233
 0.000413426
 0.000532072
 0.000415538
-0.001357284
-0.001512947
-0.000725291
-0.000889973
 0.001014620
 0.000187391
-0.000443693
-0.000671950
-0.001943883
 0.000633114
 0.000736999
 0.001962618
 0.001052132
-0.000979352
-0.000567559
-0.000964730
 0.000487443
-0.000470651
 0.000771754
 0.000384829
-0.000775252
-0.001305422
-0.000082410
 0.001875395
 0.000699059
 0.000914164
-0.002116068
-0.001328085
-0.000104978
 0.001700977
 0.000888151
 0.001308274
-0.002155035
-0.000584463
-0.001001704
 0.001191290
 0.000828244
 0.000424707
-0.000949012
 0.000030328
-0.000320521
 0.001431335
-0.000227209
-0.000450544
-0.000919485
 0.000112296
 0.001444207
-0.000088420
-0.000040778
-0.002134611
 0.000260842
 0.000281095
 0.002573191
-0.000693628
-0.001424959
-0.001273024
 0.000636573
 0.002577222
-0.000197969
-0.000515850
-0.002013534
 0.001274584
 0.000363020
 0.000317422
-0.000547037
-0.000529704
 0.001180033
 0.000198643
 0.000584192
-0.000024783
-0.000662991
 0.000707337
 0.000119046
 0.001008017
-0.001602325
-0.000256698
 0.000829369
 0.000659350
 0.000070179
-0.001892452
-0.000329515
 0.001630813
 0.000130316
 0.000068405
-0.001978131
 0.000780047
 0.001922424
-0.000119132
-0.000745952
-0.002023276
 0.000066799
-0.000061918
-0.003214722
-0.003623351
-0.003467600
-0.001865985
 0.000873093
-0.001525633
-0.001801596
-0.001789495
-0.001407694
 0.000355325
-0.001787275
-0.000792210
 0.001554841
 0.000882561
 0.000796781
 0.000847810
 0.001369481
 0.001555968
-0.000356087
 0.000000000
 0.000000000
 0.000000000
 0.000000000
 0.000000000
 0.000000000
 0.000000000
 0.000000000
 0.000000000
 0.000000000
 0.000000000
 0.000000000
 0.000000000
 0.000000000
 0.000000000
 0.000000000
 0.000000000
 0.000000000
 0.000000000
 0.000000000
